-----------------------
| 4 7 8 | 2 9 1 | 6 3 5 
| 2 1 5 | 6 8 3 | 4 7 9 
| 6 3 9 | 5 7 4 | 8 2 1 
-----------------------
| 1 5 7 | 4 6 8 | 2 9 3 
| 9 8 6 | 3 1 2 | 7 5 4 
| 3 2 4 | 9 5 7 | 1 6 8 
-----------------------
| 8 6 3 | 1 2 9 | 5 4 7 
| 5 9 1 | 7 4 6 | 3 8 2 
| 7 4 2 | 8 3 5 | 9 1 6 
-----------------------
-----------------------
| 4 7 8 | 2 9 1 | 6 3 5 
| 2 1 5 | 6 8 3 | 4 7 9 
| 6 3 9 | 5 7 4 | 8 2 1 
-----------------------
| 1 5 7 | 4 6 8 | 2 9 3 
| 9 8 6 | 3 1 2 | 7 5 4 
| 3 2 4 | 9 5 7 | 1 6 8 
-----------------------
| 8 6 3 | 1 2 5 | 9 4 7 
| 5 9 1 | 7 4 6 | 3 8 2 
| 7 4 2 | 8 3 9 | 5 1 6 
-----------------------
